---200---
414500
473500
298700
334400
439100
339500
334200
339200
394700
351600
341100
334100
329700
331100
352600
442900
372500
365300
454600
409900
---400---
1032600
1081500
867600
667900
661300
705300
757500
821800
715500
681200
790600
822500
914300
679200
686900
834600
700800
675100
667700
753200
---600---
1012400
1339400
1435900
1083000
1107800
1485500
1073600
1038200
1257500
1267800
1473300
1422700
1022800
1054900
1036000
1364900
1294700
1387500
1050300
1210300
---800---
1989600
1473400
2143200
1467700
1982600
1506800
1416300
2065900
1755300
1597400
1732700
1474400
1910500
1521800
1599900
1996600
1778700
1819700
1808200
1993400
---1000---
1908200
1828500
1831700
1864500
1897200
2068600
2206300
2073300
2503000
2219600
2133500
2209700
1899300
2460900
1931400
2094600
2079500
2289600
2433500
1920000
---1200---
2229900
2308300
2339400
2340800
2836400
2633400
3010900
2272100
2276500
3059600
2845800
2819100
2738100
2912800
2682900
3107600
2680000
3244000
2410500
2465600
---1400---
2746500
3110700
3129000
2705200
2746100
3010400
2679200
3299500
3371700
3218000
2634800
2691900
3639200
3797200
3291000
2993400
2986200
2696700
3530400
2979700
---1600---
4005400
3192200
3297300
3771700
4069400
3101800
3056400
4036200
3551300
3770300
3275200
3116700
3973900
3778600
3736800
3134900
3277600
3843000
3061200
3363800
---1800---
3604100
3593600
4757300
3515800
3940500
3755700
4313300
3682900
3581200
4627800
4796900
5118900
4735700
4315800
3554200
3657600
4523800
5097700
3474200
4922300
---2000---
4313600
