---200---
114600
93400
102500
114500
116600
87700
117300
140800
145600
89400
122800
114600
96900
98300
146300
97500
93100
107500
194200
120000
---400---
152700
168600
156500
179100
160900
191400
159400
159900
166600
181900
246300
179400
211700
184700
171700
191600
215000
184600
177200
170200
---600---
245400
257000
332100
288900
242700
337700
245900
255300
331900
284900
320400
306800
255600
279500
283100
296100
415200
270300
445100
354200
---800---
394500
474600
319800
328400
316400
341100
313300
356200
461800
355000
316300
344700
314100
350000
355800
358800
485900
334700
334200
331200
---1000---
387900
406300
393300
416000
437100
571400
444300
589700
432400
426800
410600
687800
408900
412300
620700
613200
401800
412800
681200
576700
---1200---
544800
498000
468900
503700
483400
693400
468800
670600
479300
731500
739900
629600
763700
617800
492200
497800
498100
599300
477000
498000
---1400---
547300
582000
598200
626400
549100
593700
557700
625400
557000
699200
536400
572200
641100
564800
529900
975500
555800
597000
585300
565500
---1600---
645600
670100
686100
846400
660300
819700
580000
853100
705700
1037300
645700
725800
691600
705600
630900
700400
720600
776200
790100
745900
---1800---
829300
862400
1198900
835500
753000
688900
1329500
1252100
833000
868100
969500
1070800
758200
968700
748800
896700
819400
798400
731300
892000
---2000---
1298000
