---200---
158000
84600
71600
82400
142300
73800
71800
116000
123700
77700
74300
72600
72700
72100
73800
71000
68700
101700
123100
71800
---400---
139000
294300
139200
175900
142300
146100
135400
212600
162800
147700
190500
219600
190600
157700
139600
166400
142200
147700
154800
140200
---600---
235100
396100
290100
314600
250000
353400
255400
281900
388400
323800
260500
447300
245200
276600
246200
446600
248800
268100
270300
411900
---800---
671400
497600
327400
326200
347300
325000
331600
382100
571600
318600
327000
582500
472100
330400
337900
326800
469000
344100
365900
342200
---1000---
419200
418900
425800
444400
464500
666000
771500
733900
485300
481900
625500
724300
569100
577700
671000
477200
432300
433500
704200
667200
---1200---
547200
651300
544300
564400
927100
946400
632400
622500
536600
905200
561700
590000
865000
759500
933400
588800
587200
965400
552500
583100
---1400---
673600
717500
1250200
720500
650500
689700
685000
771900
641800
826500
654400
684500
721900
688900
677800
686300
716600
650500
1178300
669300
---1600---
809200
791500
862000
806000
1321900
789600
848200
972800
928600
1283000
830700
1341600
840100
776700
1147200
814100
849500
1418200
827700
1435000
---1800---
950500
1194700
1777900
1563500
925200
929100
1481700
1085600
965400
1635800
1768800
1500600
954300
1137200
949500
1390800
920900
1042600
986700
1684300
---2000---
1291200
