---200---
133400
66000
56900
64000
75500
65300
81500
112300
112800
156100
64000
63900
114700
65300
87200
75400
97800
117500
92500
88500
---400---
249000
278400
244200
270200
240000
147900
260900
150300
262400
263300
572900
249200
147100
277200
226800
220500
178600
152500
261300
230600
---600---
275000
498200
277700
458400
259500
402800
274400
382100
413600
278400
292500
269800
265900
270500
507700
344600
432000
285600
283200
440700
---800---
408700
402500
510700
404600
414600
622500
951100
413000
814600
968100
406900
414400
412500
401800
799300
396800
498400
417000
422000
425500
---1000---
595700
781400
585300
584100
758600
586600
1221600
586900
581100
586900
619800
597900
621900
585200
579500
690000
1067100
596000
752100
601400
---1200---
1178800
855500
862200
856700
1120900
1085000
1016400
1089800
891500
847900
1291700
864300
830700
850800
1469500
874900
966900
846200
1029600
827200
---1400---
1150400
1147800
1320900
1561700
1399700
1147900
1315600
1371600
1186600
1153000
1194300
1153800
1174300
1192600
1362100
1548900
1813100
1164600
1214200
1167000
---1600---
1469300
1425200
1478900
1431500
1822600
1321200
1434200
1909300
1535600
2060300
1805100
1422600
1663900
1779300
1467100
1444600
1742900
1626100
1774400
1431000
---1800---
2441300
1748300
1730700
1842100
1983900
2020400
2628000
2812500
1707700
2561800
1758800
2012000
2055000
1726700
2819700
1881000
1790700
1740700
2990800
2721500
---2000---
2273200
