---200---
428700
422200
337500
425800
325200
403500
322700
382300
480800
408400
324900
416100
414200
394400
454100
334300
414100
415000
446800
1335400
---400---
953800
909300
806200
865800
877100
669300
659700
864400
716300
928800
904400
798800
702000
943600
852300
1100200
674900
673400
659700
665800
---600---
1056900
1354300
1388100
1067800
1042400
1057900
1138700
1416800
1184000
1458700
1037300
1140900
1403200
1023500
1137100
1025800
1090900
1274500
1311300
1377600
---800---
1901000
1805600
1809400
1450500
1935300
1544000
1702800
1916100
1890800
1747600
1737700
1428900
1968400
1427100
1645600
2001200
1444200
1831200
1934100
1949800
---1000---
1971700
2681000
2054000
2375500
1913100
2068900
2067800
2300500
2457500
1924200
2219300
2127900
2523200
2323000
2590400
1954200
1914000
2274700
2503600
2156300
---1200---
2695100
2472700
2456100
2915600
3338300
3213300
2617700
2667700
2663400
2460500
2773400
3290500
3586400
2485900
2827900
2879600
2645700
2946600
2543600
2743100
---1400---
3784700
4085100
3186400
3187500
3096600
2964700
3237000
3015800
3084200
2971600
2965600
3209800
3340400
2996200
3231300
3016000
3101600
3278700
3820700
3026700
---1600---
3502600
3526600
4063100
3546100
3697900
3443800
3501200
4869200
3678500
4079500
3717700
3506100
3987600
4084000
3569700
3470500
3782700
4281100
4053900
3515200
---1800---
4482200
5836000
4419600
4525200
5006200
4809700
4379600
4452300
4431900
4464000
5010700
5132000
4376000
4176000
5470300
4292900
4198300
4102600
4332700
4354200
---2000---
