---200---
152800
114000
68400
114900
66900
96400
68600
104700
102700
100300
67300
65800
109500
66500
94300
66100
114900
111300
120400
156300
---400---
286700
214400
162500
267200
154700
158800
163600
256700
261500
250200
237600
226300
210100
275100
224700
296700
297100
163200
250600
153500
---600---
280100
631300
461200
274600
265600
290100
274400
406400
438500
270600
271400
266300
267700
267100
470200
326700
416300
279400
360500
303700
---800---
605800
396500
477900
401300
756400
632000
867600
402100
650000
606500
801300
427300
408500
398900
727700
400700
413800
619100
432200
429800
---1000---
644000
642100
602700
727600
613400
588300
1044400
622200
598100
609300
618900
651000
595500
608500
581200
641400
925000
682500
662300
591000
---1200---
1407300
1447300
862500
854300
1933600
1467600
1504700
1210800
868300
866100
1500500
871500
1349000
871400
1568300
885100
1555800
1449500
948700
866100
---1400---
1225100
1258400
1382100
1174700
1211500
1814900
1201100
1190600
1393400
1158800
1417000
2015200
1155800
1183800
1575600
1698700
1173500
1428300
1498900
1939500
---1600---
1442100
1454400
1740800
1458900
1561600
1495300
1533100
2079300
1788300
1610200
2346000
1407200
1564200
1482600
2020000
1444300
1567600
1692700
1613000
1462300
---1800---
1922200
1740800
1787700
2193400
2646300
1937700
1765300
1841700
1793400
1776000
2271900
2742600
2719100
2147100
1783100
1802600
1750900
1747700
2769600
1959600
---2000---
2202300
