---200---
766000
2150000
4631300
348400
2655500
1221200
4357100
3166400
3351100
1324300
3734300
1064800
1948400
1524700
1252400
3542900
1665500
963600
598100
2641600
---400---
2119900
5241200
3342100
976600
2614100
3297700
2730300
2625000
1688600
3131700
2773000
2029400
6417500
1234300
3480200
1076000
2492600
2423400
1840300
1919000
---600---
4216900
62744100
2185600
2849500
5567600
1719200
5428200
5977900
4032300
3729100
3648300
4743700
6275500
5797100
2327600
3506100
2218100
1628100
4852800
3151900
---800---
6664200
5944300
2288500
2856100
2578600
2186500
2597800
7456600
2141900
6113400
2704300
1810800
2008800
5782100
2107600
7196400
6191300
2191400
4667500
3191200
---1000---
6079700
2382600
5242300
7868700
4937900
4094700
4881000
4957000
6382200
4816000
3819700
7488000
4612300
4563500
2906500
2934800
6563600
5238100
6616300
6439300
---1200---
5213400
2269800
2653300
6432500
6043700
5434800
7576300
5870000
3665200
7143800
4287500
6859300
7495900
4838600
4016200
8600000
25596500
6702600
5054600
2517600
---1400---
4986000
6684700
4296100
5930700
5423400
7497300
4616700
8882100
5899400
4983100
7515200
3816200
6260400
3500000
8482400
4371900
2847500
7761200
6058200
6227400
---1600---
9096000
4227700
9812000
8986100
4655100
8854100
8607800
5699300
4564800
6056600
7799100
8849700
6313700
11456700
6728200
7349000
3899700
6831700
9417000
3774400
---1800---
6015800
8038500
5257300
5806200
9435500
8602400
6362000
5111600
5965600
6487400
6680900
7456900
6397500
8753500
7163500
9707400
7678700
6274600
6385900
9940800
---2000---
6257600
