-1592320
-2216894
212200
124001
-195643
-1514213
1691035
1128668
-1612279
-2228511
-1204190
-2499501
1129951
-930244
-126227
385788
2411058
1726323
2221025
2229986
-1100460
-1061073
1575135
-1752945
1777367
-2379793
2129790
-1109752
-154714
1357953
-2407129
-593612
505850
2263542
-268694
-619144
167230
-1782286
-133943
205011
2231771
1708939
2311657
-1759050
-1557542
1074326
-375681
-2169191
2206596
-709256
1906061
875920
954456
-1002692
-893526
1855086
131741
1482550
-1913237
-1392738
1120590
873951
1379214
1184498
1502638
483006
444691
-2080685
-1481214
346978
-227520
-1356223
635923
1539302
1552092
-529436
-985505
-1450748
1443194
-1009547
-1875295
-1624214
-1537346
-692458
823255
-1671398
1963160
-2323667
1418589
-1737984
1604370
-322075
696382
2255339
-455522
640229
489350
-193341
616628
-850520
-39901
-1051316
809813
177919
-428609
-1145791
2237226
-2285361
1367848
-231598
-225170
1580434
890764
-2196287
1094082
1690189
-1298430
1629749
2449770
693378
529126
672241
-889137
-2403336
-2175514
1399660
463290
845437
1064981
-1329694
-606005
25701
1440748
-79392
-2300217
766691
-2186783
-1481675
1384087
568195
1042006
-169716
-1307708
953170
789661
-2492677
1857731
-796624
7294
-2417120
-2098625
-2226156
-2030280
787192
-752232
-706238
1126581
1726843
-497009
-887036
1494227
802898
1153489
-2238623
-888254
-2129266
-1761758
1515903
2465116
1496627
1331085
-331300
1054194
-1079753
452355
2321316
-1398554
-167917
-2042559
-1311707
-1822992
-2096788
1204351
2128952
1565065
-1149959
804108
-91765
1666729
-1195019
-1426731
-1593354
-1876427
-529387
-1808448
-289415
-207240
-1562661
-2343139
296591
